99999833061679
999998331054
999998331027
999998331043
999998331020
999998331001
999998330776
999998330722
999998331079
999998331018
999998331003
999998331065
999998330723
999998331031
999998331173
999998331107
999998331060
999998330789
999998330713
999998330704
999998330758
999998330749
999998330755
999998331165
999998331196
999998330757
999998331025
999998331164
999998330733
999998330728
999998330775
999998331095
999998331156
999998330794
999998330714
999998331189
999998331171
999998331175
999998331127
999998331115
999998331180
999998330742
999998330718
999998331168
999998330747
999998331051
999998330756
999998331024
999998330768
999998331045
999998330790
999998331091
999998331146
999998331035
999998331014
999998331046
999998331089
999998330717
999998331192
999998331066
999998330744
999998330765
999998330780
999998330772
999998331048
999998331161
999998331050
999998330741
999998331110
999998331061
999998330748
999998331019
999998330761
999998331023
999998330753
999998331181
999998331167
999998331103
999998331082
999998330773
999998330743
999998331178
999998331123
999998330726
999998330782
999998331062
999998331068
999998331052
999998331002
999998331193
999998330750
999998331131
999998330703
999998331116
999998330769
999998331040
999998330752
999998330762
999998331176
999998331007
999998331114
999998331172
999998331005
999998331111
999998330751
999998331183
999998330738
999998331009
999998330730
999998331121
999998330700
999998331075
999998331088
999998330785
999998331108
999998331063
999998330795
999998331106
999998331152
999998331084
999998331155
999998330771
999998331015
999998331188
999998331055
999998330734
999998330721
999998331028
999998331136
999998331081
999998331134
999998331033
999998331096
999998331130
999998331105
999998330716
999998331071
999998331056
999998331011
999998330799
999998331070
999998331077
999998330720
999998331059
999998331022
999998331158
999998331147
999998331016
999998331012
999998330796
999998330727
999998330706
999998331186
999998331036
999998331159
999998330736
999998331074
999998331149
999998330746
999998331117
999998330737
999998331073
999998330787
999998331100
999998331166
999998330778
999998331133
999998331053
999998331113
999998330797
999998331191
999998330798
999998330724
999998330754
999998331148
999998331145
999998331102
999998331044
999998331032
999998330715
999998331151
999998331041
999998331004
999998331030
999998331017
999998330731
999998331135
999998331160
999998331076
999998331139
999998331163
999998331120
999998331157
999998330740
999998331047
999998330779
999998331021
999998331141
999998331000
999998331039
999998330710
999998331162
999998331101
999998331034
999998330786
999998331037
999998330712
999998330760
999998331140
999998331029
999998331194
999998331184
999998331090
999998330735
999998331099
999998330763
999998330732
999998330792
999998331187
999998331195
999998331104
999998331112
999998331144
999998331069
999998331080
999998331143
999998331119
999998331067
999998331058
999998330770
999998331038
999998330774
999998330759
999998331125
999998330783
999998330702
999998331097
999998330709
999998330707
999998331185
999998330784
999998331092
999998330781
999998330729
999998331083
999998331142
999998330708
999998330788
999998331085
999998331137
999998331138
999998331154
999998331199
999998331078
999998331013
999998331197
999998330793
999998330701
999998331129
999998331150
999998331182
999998331026
999998331153
999998331098
999998331128
999998331064
999998331042
999998330767
999998330745
999998331086
999998331122
999998331169
999998331124
999998331109
999998331118
999998331190
999998331132
999998330725
999998330719
999998331170
999998331049
999998330766
999998330777
999998331198
999998331006
999998331008
999998330711
999998331087
999998330764
999998331126
999998331094
999998330791
999998331177
999998330739
999998330705
999998331093
999998331174
999998331010
999998331072
999998331179
999998331057
