0 0
1 1
2 3
3 6
4 10
5 15
6 21
7 28
8 36
9 45
10 55
11 66
12 78
13 91
14 105
15 120
16 136
17 153
18 171
19 190
20 210
21 231
22 253
23 276
24 300
25 325
26 351
27 378
28 406
29 435
30 465
31 496
32 528
33 561
34 595
35 630
36 666
37 703
38 741
39 780
40 820
41 861
42 903
43 946
44 990
45 1035
46 1081
47 1128
48 1176
49 1225
50 1275
51 1326
52 1378
53 1431
54 1485
55 1540
56 1596
57 1653
58 1711
59 1770
60 1830
61 1891
62 1953
63 2016
64 2080
65 2145
66 2211
67 2278
68 2346
88 3916
89 4005
90 4095
91 4186
92 4278
93 4371
94 4465
95 4560
96 4656
97 4753
98 4851
99 4950
100 5050
101 5151
102 5253
103 5356
104 5460
105 5565
106 5671
107 5778
108 5886
109 5995
110 6105
111 6216
112 6328
113 6441
114 6555
115 6670
116 6786
117 6903
118 7021
119 7140
120 7260
121 7381
122 7503
123 7626
124 7750
125 7875
126 8001
127 8128
128 8256
129 8385
130 8515
131 8646
132 8778
133 8911
134 9045
135 9180
136 9316
137 9453
138 9591
139 9730
